0.212750185322461
0.234285714285714
0.226039783001808
0.465779467680608
0.456419868791003
0.425276752767528
0.0907348242811502
0.0789473684210526
0.0838509316770186
0.153790613718412
0.137755102040816
0.147742818057456
0.0925432756324900
0.0917721518987342
0.0971937029431896
0.0906718851924332
0.163106796116505
0.0809061488673139
0.0930232558139535
0.234883720930233
0.232215862632870
0.244604316546763
0.375856164383562
0.390024529844644
0.375407166123779
0.375232774674116
0.0841404358353511
0.0818181818181818
0.106734434561626
0.208121827411168
0.212765957446809
0.195089581950896
0.0994865211810013
0.105629348513599
0.0857519788918206
0.0836770771950501
0.0776640577965081
0.0882943143812709
0.0724081184860121
0.0727170236753100
0.0736618971913089
0.140710382513661
0.208943716268312
0.206193353474320
0.235065942591156
0.424610051993068
0.428318584070796
0.443130118289354
0.106227106227106
0.110000000000000
0.109001406469761
0.177905308464849
0.208206686930091
0.158355795148248
0.0857966834895458
0.119743406985032
0.100977198697068
0.0772311212814645
0.0693677102516882
0.0686767169179229
0.0680686220254566
0.0662112454019968
0.0754827384435342
0.0674333507579718
0.168683812405446
0.177099236641221
0.157608695652174
0.424618320610687
0.0978189028420357
0.0917312661498708
0.0944479897894065
0.143472022955524
0.141509433962264
0.162743779421654
0.0962603878116344
0.0969387755102041
0.0913016656384948
0.0828729281767956
0.0822669104204753
0.0870927318295739
0.0877598152424942
0.0914253265190233
0.0853524229074890
0.246141348497157
0.264682220434433
0.255608974358974
0.384064458370636
0.374573378839590
0.359965635738832
0.150715900527506
0.195583596214511
0.142456140350877
0.191839656406586
0.213235294117647
0.183645183645184
0.203025477707006
0.157853810264386
0.105527638190955
0.198702351987024
0.0899593731863030
0.152972611890448
0.128378378378378
0.224284609435422
0.289276807980050
0.240875912408759
0.410535876475931
0.365173288250211
0.415549597855228
0.108767303889255
0.0951403148528405
0.0861244019138756
0.108618654073200
0.155600268276325
0.118318318318318
0.0849056603773585
0.0720411663807890
0.0690410958904110
0.0746887966804979
0.0795180722891566
0.0947058823529412
0.0639625585023401
0.0667325753830944
0.0815154994259472
0.185897435897436
0.173124484748557
0.156250000000000
0.278955954323002
0.325148179508891
0.359442993907746
0.0873786407766990
0.0971246006389776
0.0960854092526690
0.175487465181059
0.120576671035387
0.129605263157895
0.0838359469240048
0.0998622589531680
0.106254203093477
0.0809214412285883
0.0883607556368068
0.0807416267942584
0.0952380952380952
0.117567567567568
0.117296222664016
0.125683060109290
0.133239831697055
0.148305084745763
0.377455166524338
0.357827476038339
0.375985977212971
0.0682730923694779
0.0730434782608696
0.0771793448084398
0.104733727810651
0.124915139171758
0.119031607262946
0.0858024691358025
0.0943290286355980
0.0861214374225527
0.0871918220084185
0.0640883977900552
0.0634005763688761
0.0720944686140460
0.0630946419629444
0.0638412017167382
0.0669934640522876
0.221183800623053
0.252267106347898
0.276536312849162
0.406779661016949
0.392953929539295
0.124536693847294
0.105714285714286
0.108126259234386
0.0930101465614431
0.133027522935780
0.107013301088271
0.0834312573443008
0.0910878112712975
0.104026845637584
0.0859325270528326
0.0941676792223572
0.0835396039603960
0.0793296089385475
0.0844988344988345
0.0760135135135135
0.218063466232710
0.200990799716914
0.201161946259985
0.435218978102190
0.420433996383364
0.386206896551724
0.0953575909661230
0.0863453815261044
0.107142857142857
0.326037735849057
0.183813443072702
0.170227920227920
0.0784960422163588
0.0962815405046481
0.0868992758393680
0.0838627700127065
0.0875075437537719
0.0873549175320709
0.0835929387331257
0.0876826722338205
0.0839002267573696